CPF_GESTOR
26893250800
15163176889
66114160800
32357465875
12374944867
22251601805
22492574857
60039108872
85379212891
86572032868
26704397809
19085280877
15870287863
33688217845
03055670710
58413162904
29786732812
25803557072
30397103972
83762728887
44567669053
54777321053
62542745072
49944630934
27734722091
00098896040
13476012875
17922350899
79640230987
40271773049
10073614840
20087624915
79933777904
15063825842
04079075995
04913698672
15168655882
38056663819
90781724600
05065104840
78116090968
19051893892
12727340800
02927360960
19103431886
67079849853
06617172833
33922018807
04833385830
41908603879
32453554832
10640054897
25783384852
21946848832
32833297882
00429485840
10747312800
07749165835
40284905020
52437833900
03601682990
17103566852
44409494953
37614363000
75911442949
36243523853
03268639828
22316485804
22563556830
73596434068
09329001947
24583374810
13598142803
18412279867
15674100810
07902625841
01610647955
91326770810
40727932802
63274752053
02361481847
18030077882
22707616850
23276746891
73166120963
25046519020
09680073840
10903757869
11698146892
01610402847
14044017840
38200597849
51575760991
80787134953
18439784821
16870780846
88282066834
93260326049
03771293723
54889600906
57862923049
03088270826
10168973839
71483586987
25107565832
90781724600
99944510068
00541636928
14568728851
02927108951
47023023020
43665950015
77186214991
53834534072
13409780831
22528351844
26053113840
74726668820
17693277897
27015933870
27681293809
42138299953
53351533934
26293583809
18547834087
07470855874
17265377818
00334457025
74482548049
06200332827
15675690808
02136650009
18611462807
05647760848
04817754630
06184770632
62452622915
00745590950
12528286830
42936004004
37543473810
10040362809
21327640856
11705051120
27534128803
27000674873
27682771852
06805155851
42267817837
57592365804
90097602868
92934498972
15001404819
00479141819
27294426856
02921470829
17735872852
27830994897
07861218821
65661877900
21830171801
29321509879
70798265949
12241444812
20187420866
01262189861
00508754933
34623132820
78357934900
32053983000
26245356830
01701667916
99604060910
16798863809
40501264000
31177166020
71983309087
08583227810
66474841087
18083404934
06495555890
00572184808
09613164898
06955716808
71731407068
14412851800
13232634893
12026378843
02297146841
49284088020
11632759802
06266989875
00061246905
20270330097
72870141904
12805266889
29376237862
28772006803
28277465068
21702497020
89274237715
29457104803
30258822805
47223049049
09643322807
22040856854
18596619801
04289677959
04404768958
19501591832
26746247015
01861126883
14061843818
09460185886
09754789827
28052131812
91619114968
10125511809
34253589871
68801831900
03639557808
69720509791
11401910807
00386126909
00582130662
29701386892
03339535841
28824842836
02396327968
28927273591
01726146944
09046142809
07630611072
60099771934
03895746940
03895746940
88810372972
03909381812
57117330015
49923455068
31525334891
05925608801
12339439876
64692787015
13801888819
10999034839
48794317100
45166820878
45699607315
16114533801
00137752865
18184597878
61368920900
19355668813
08460797716
31662654812
31827276991
16577739811
17813252861
63702738053
58569979800
12596735881
01538020734
25447656826
29906979852
21411345878
04993468822
25424427898
28233550817
13345912880
14885130824
03068757800
80054064953
02161227831
08526078810
91242398953
22122952865
11134135734
37055489806
37675559053
45377456491
19028478817
55630480049
72034459920
40696993848
21983957895
27371541898
30101182872
19641311972
31088619053
75078155953
79855628934
21346498873
05116880087
16487219827
21783034807
89625234934
05796627805
96739258872
11074888855
46433490859
25605815822
21484063880
12157222812
16672674934
15808329892
79125182820
91472067991
07850569806
19210019172
25216559884
17200863890
30430668805
13148098811
22173798871
01186746840
18509564809
06981889854
00172753007
04398458824
14142321870
30720995884
36841983823
57521050053
22041567015
26669257813
15178566807
16485829822
05866400880
04821275899
21743470835
77059280863
26302616891
04985050814
03075250902
14176581859
03934609910
04411034808
81232187020
28455740884
07861939804
04022399899
25546521805
94706182972
11076910874
13725628858
98370910963
38183764843
03927675890
37327267034
17435976814
32096746809
29510371807
30116725800
03273619805
12656544840
01772743950
25042730885
13132695068
98300350853
22458082823
16381166878
07671550841
27084678832
10439148898
16372886898
37992948807
04368944836
29836511857
00270615741
40171957091
25447395844
06203628808
48143545091
25895703844
77188217653
03346245845
03391497874
32302462840
24159670091
08601793894
26075352805
26694979851
28029981880
39727447813
04163485805
34301232591
01444863851
09506309850
15695934850
00474837688
11051179874
14196628800
08748919810
67033679068
06444845866
81850212953
27991381870
13862349829
06691527810
03908076803
16935430879
04540520814
01108118798
57614350120
01999392094
14026715809
28614887949
09425414807
38689216804
21315576805
12205491857
80829937072
30452468850
06128884873
32426741899
01790433827
16838933870
07706367053
65183363900
29662549803
32781379816
61016640072
68560672915
81833644972
40327388072
08790779053
35054123091
57279675034
38913330059
67408460810
10415296862
76720020072
07698250873
63312646804
14199315802
83964550906
50671758004
15235067843
54308062934
39752186300
57821518034
12581741899
34295821802
55598609053
08695888851
13705565869
14691388320
98941062500
89322401087
25821111803
83005870987
91627575987
19175644819
83697799053
20263895866
62054937991
12084651808
09744165847
36337595149
02588260888
63232642004
20276107829
69286906072
05851142855
33858705004
75443520997
49233815072
02725511801
25092220821
25885868808
05054040870
15355782892
09814860883
01769262083
03295458847
14857821800
85149810800
28161006857
25863488859
00897565762
13955929850
17455812000
25304940881
07967154835
22564851886
42233097904
22431603822
38012751836
38432069884
42323169904
13717397818
25663919805
24917125987
13523309891
25240730920
02269634977
88458911000
76667634920
73412597872
71375090968
60256630844
93307187015
85631787849
21487244878
91705517072
06917638870
16315430082
10760734844
34671992833
13035245894
15776065828
55772935020
25077925828
89142748968
79268404915
40661485811
04714676857
36939111859
54381070763
20515733873
28324640843
01977636004
13760551807
28772569875
07490603951
01403920680
56666780000
67139418853
25023487814
12853638170
16541910006
10432850830
04709203865
63755564904
41731751834
26245195802
70719578000
61306096715
90781724600
72245352904
49711008904
39304825849
04614581870
31037324811
30339034874
00853660999
31560068825
44285710030
15517855873
64532747015
58966897800
25381901852
26855785875
37863952840
28343596870
00522575927
11299914829
56648723068
03093033896
36823970944
07264507823
00598433813
28513720925
16727432813
18614329920
00752494996
77833503053
37777840878
01935064835
24550113804
25050715865
52012433804
02666940985
59385880900
94667144815
22509014811
28295960059
25381543832
13787108866
08080609888
28164098809
01772268976
03103715897
04113151881
15146716897
12969512866
06536896831
11321217870
67184359020
59426292934
37174831885
13860925091
71711325520
33988311847
34365456865
21409373843
21554758882
58587829904
25568679819
04451357861
09588470889
16075139869
19828683091
92616232987
18346543867
20013735896
14910023879
27814455847
28292986839
07452198883
02391662998
43549268904
25523706833
35086726034
02782300750
27619367870
75466392049
03378353902
03753229814
18858279034
25831319822
02007375974
18659842804
14312942846
56079630044
37178494840
06542662804
95076735049
28593039871
29982809865
61165891034
28763619814
37097832835
20072229810
26245372879
54981824068
76771970949
68460589072
01742686885
03225975958
13944035852
12437127836
35666416855
67822371991
17978491072
29247509890
33540543953
17535995802
36682569858
17002243870
31220061034
04174370800
07267615830
31955800049
15926434858
29342199844
32023863953
28087030826
32982309874
61315346915
87704250868
08081057870
79295193920
30590200860
52469328004
15253095870
10711785805
32517388873
11227376880
75692384868
13118838949
14618832886
02370787910
18107769880
28250848837
92310974900
08027771803
11274861870
75915456634
03483052658
09220266881
15363801809
14019090866
24969893934
90781724600
89604903934
07399011842
56984685087
64994732000
17759231857
32159871800
82204659800
13966915880
07334267869
43170471015
80312020015
02002922004
03582233855
35295876802
24674073812
32663377864
17353705841
41093607068
13508272826
34169938968
25446238885
34456090049
00543825990
44607962872
28103810894
14292546886
37191241004
10392323885
14447502836
00647576929
95047409953
88132382900
36933740820
16272670850
04888332800
14835961846
26166724802
36473010866
01120673879
08134117856
28256804866
03780526832
12050973845
92384978934
08043225893
26197103834
12897461845
05364421856
14891095873
15511147800
27572934862
79175589168
03826922840
34662797802
61266566600
20103002898
06826402807
26856121814
36241750925
15669144856
79639232815
15950160827
01558122893
30865786020
04313200800
48426717853
89403282991
27597339801
63083043953
24993808020
90479831904
21466045817
14580789814
27333286894
20542330059
08573397888
41964853087
16441178869
15795669873
74945386820
10457434880
00462220907
83864989868
01930528736
09565339816
55214355904
04939060888
06285710899
12865841839
29355118830
17406676034
30452425883
85765287891
18063066898
17612012049
30404868886
08695497828
80602959004
61657760944
55013953987
26378931844
31772484865
31621986829
02701357829
32341446809
61944491953
10451555864
19070690896
04896750853
27455845880
14475245869
31062529871
74147781934
51749416034
14491583820
09523615823
01375085069
22529891818
78679052949
13512450822
72428899791
50553356615
19502421884
59293292904
07767363880
07083469873
18571443840
21345655860
28611118871
26194625848
34456159855
20798911891
12425403850
16764690871
58320393949
27681878874
21347768890
29396129860
06430691861
26167793824
07996180806
04690617821
06240438863
32689907895
37717961806
55847684304
07584309810
66507618934
15024940865
30233798072
01085744825
46768483072
19677335898
32695172893
67646808920
48571822034
00817794964
05096503925
38334432860
13492202802
15668403840
07065174824
20282385851
65231945072
00028857860
53893298053
94802831900
81199538000
45213410049
30095759808
87518996987
76455181034
93383479072
35693410030
02425676813
13860545850
12903412812
06853106806
85804932934
36062073953
28370885870
03329441828
01180905857
22972830830
00494439920
78632480863
18342198847
22231316897
14307414810
21266163808
15744122800
04374278974
81008155853
22647568880
26661133880
14051144879
70982554834
35973193861
02753906912
16823871865
27062947873
15456088819
66510805804
57692181004
27259287888
28343155823
69769770906
54492475087
48841420049
01360854827
28029833857
16917295825
07421589856
06477505894
35278104805
51020718072
12554563888
79947441920
11802406859
28254840830
49026330006
09530528850
02056653818
07472588806
60520884000
34904808991
02992367818
43662528991
05293714805
26009883865
02511521890
08449522730
86410709749
16850672800
22547616840
15550072874
87756188934
26893191871
12231390850
11566588880
04231284695
52151956849
11984359843
14940018881
28072467883
66068002349
05395040846
25642450808
31003391850
01760137928
00307144860
28699161832
07149597823
23005524850
32247528821
38479010100
05668702820
31312354895
16198920810
57614202104
09158272801
03005887804
05853682873
21603864806
18943425856
10834419572
00575203803
04257378883
26047341845
34388164828
25694852842
01231749024
80726321087
11480714828
38620405853
01546393978
05631599872
08047050893
09367994800
04926591928
46859519991
92089429968
89989619700
07237235915
34329753847
38000282801
04149067996
01520744811
27533914830
50690620934
04849061940
13823936875
04421159972
15959318806
10022599835
25224988861
00389629936
19862955830
44664885091
25768262881
25123269851
03896882902
46456384915
13527308806
56347529904
25992648801
88797414034
23672878804
00685894843
27861571882
04421159972
79934269872
91660840910
09266900869
10222310812
03056573998
03473991856
05548402862
50787691968
07747498810
56683596034
47269120030
35465590610
71197931104
03055670710
04722745897
14170625846
22152442830
60829346015
08432880868
28342945855
94788626934
14526024848
08330685802
00511481888
34810321886
32777357889
40213943034
90125428987
64704505804
65910354000
01253304050
29271666844
27680653828
27270600848
29395963875
25847218800
15113004855
11214548873
05258053890
39214150044
84405724920
23790024015
16348387852
21801468842
22094486893
02778054812
74544004934
77543963787
30976663899
60112867987
91533589968
19739720854
37726331020
58936874004
21440227802
28255699848
21044913800
01161760083
15731266832
90917766920
06305810885
51706415087
26704689850
68365098091
33404593049
09984067831
62305905068
74234650030
14368701860
83587039968
37682709049
27235414871
09565289886
46131515972
06485504869
16141104843
31712498800
34315684830
06401826908
01616634944
89672097972
25023242897
41149874104
84325593934
17838616816
77317696900
00059717998
93430930804
10786425830
09559187821
30186387865
55765750915
09859507813
51337495891
30526143800
01999489845
27608259817
00621983942
29468347869
63909677053
18054723806
15491597805
97795380891
13514017859
02183224886
15424559875
07701836896
13398941818
15417194840
10496954881
13036964878
33276675862
01708412000
05053876975
82166005004
28448575822
70447470868
00885391993
80832105872
99182769834
30793692890
25437419848
29456447898
32910342875
26074440808
65364066053
15540501896
38289140800
04656146803
06037697809
13011938873
30870805860
45852227072
21803676000
41254848991
01131849302
14243074810
60505311968
14894697882
59126469987
01239472862
03974735402
05832832922
13280900867
74961152900
11697101828
12991019840
22502014808
61810550297
21374525880
26899085810
92134920904
27042782100
27619721800
12676672819
06623294902
21956051899
80404570178
48447781020
19226879877
86879278868
14593247810
47029676068
14319169867
19624964068
84469684953
39884210900
53777670049
15431232878
27213756877
90781724600
03774518947
15594759867
37637894800
57100942004
53151836887
31829306804
34600591844
14926470802
11866720805
33919284844
00329638823
50489828868
40160610168
19135831987
40219283087
43610293934
27896661802
50960741291
53167988053
32072163900
20329525808
00837046475
04421159972
06425978805
13052044842
30137725817
10734267851
07894672831
76503992904
00401089029
02429400995
03934609910
18153822870
25673225822
62907476068
90546628753
26628013871
11457944839
01899053956
90781724600
00031448879
02866116860
06624836857
26052711884
67371248953
06174105857
36251658991
92051081034
03003182862
19932173800
25713527840
71109056834
70199655049
35642530178
92818536049
02246048800
02228163929
54656923915
00774572850
16673156848
93535392004
12689985837
19555515883
11834350883
10917958861
85301418904
36828030842
59693576853
43203571838
11129114805
06019169804
06575284809
89518349053
08732607830
27051418807
06790277692
22381473068
25494684814
08269263710
64109267072
01865169838
04939652467
75546248815
01438282826
08729645824
68724578991
28325536802
16854001838
64106969068
51220148091
09637033823
27765932870
14768985882
49079255068
02086185898
33463050072
23378243813
83569219968
30116466863
36712874890
56705980087
01891730924
37414762858
39321149813
03137561981
07410572809
14691475800
26883100890
00606469931
52599230063
16867960804
25194638809
02623833907
26432971802
25939273807
63424924920
20499272072
04667567805
19259797845
18230408882
12366352808
05138148842
63771497000
05276374910
11541351878
00967963915
87592053934
25225451837
88221547034
60462353168
00893910805
25494752836
31429801808
56620080863
03264526808
90781724600
27141076808
68464207034
09405816802
75403684034
50472542915
55775837991
02116977886
02404370804
27672955896
02869247818
00235487031
09943034831
34531775848
00214474038
05843715868
95298193900
25739390818
79467903920
40246663049
80030556953
21955306850
16169443820
03209791805
67050743020
10940126885
01224928890
20153050845
15047595838
27040875802
02960215800
00106599860
17889577842
24935260823
11573032859
34642036890
36556789836
45173249072
33835170805
33191778853
24797615842
39348172034
27574190801
16708179890
15112711833
13576993878
04622028875
98489372853
16171320803
14377832875
02177754895
05024446810
99850648015
58463950078
35678887904
30261588877
21830321897
01657118762
88542351991
77712684987
29982722824
27875284813
13756526801
83357203634
24933323852
12188165896
30424251850
36257141087
44707282091
25194478852
20064209920
10772397856
00679759921
87083159572
11007917873
36830397871
12572402858
31865740802
07760575882
92051391068
11060356821
13708617886
24559561800
12248799888
26602556878
10092913865
26824093858
47145064120
26083723841
04166203967
00929521862
27016177823
04421159972
24843879894
28121238854
01755553978
61333620063
83167560134
39810372000
27294618844
32071938895
10951010808
04421159972
26846770852
24934164812
14960286865
37219727836
00228826934
23391057068
44318170853
65821149053
01408792184
35139480000
07548360886
72532947934
42952018049
16106590826
46568417300
01975154959
27424763857
06601076864
19036211867
15958839837
33699905802
00316625876
22096198828
34818991813
76110729000
16175235851
27682740892
31544500840
39310183772
21887769846
21691818810
11027898874
00782701892
25693755860
28919894817
58044388087
01214118852
35938005949
38216671768
30260092886
63406977049
20524765049
22573097072
72921838753
37319680963
28372143889
53129792015
02871728801
14556674808
04031732996
27489251818
04902241803
25092728884
12689483904
16040136804
04421159972
03089990610
26464249819
96644540015
04345335809
59454741853
94726167049
02297646909
63781956920
23197587391
89883152000
07095766843
22330157894
13558751884
29531802904
57564299053
18770784841
25938993873
04006947607
96460040915
15505798861
46864482049
12509646877
17073203811
25990520840
04421159972
06876098796
16487365807
37687328191
28824441840
22793175838
16092558874
10105261890
10676765890
41146859015
34724176091
12370159871
16369060879
01826430857
12151903877
03378511907
16487407828
07284609800
16579947837
58427988087
14958183817
91970512920
18488390904
30682696870
01771680997
70819688991
17550185840
35627407867
36736234867
00417806124
21573295876
01503478807
16579346833
04769586876
22796970841
34436696898
10013266870
82563551820
10281394890
28735899816
28755785883
06876391744
17403236882
10421331747
15365313836
58160019068
22042922811
64642208887
03055670710
27875101832
33526930805
40670102814
95396357991
04421159972
19276271848
01235427820
12436902836
12609928882
09381734801
25548023861
34277581846
25267663891
12837429856
05770194812
33316133801
37846515004
27760628854
26074163880
55896200749
97353019972
04584355894
29478768816
69794650900
36151055837
04467022694
25991797854
30047185880
09549264807
00969502850
73880337853
15662813850
18223643880
19955095822
12705295879
77126548834
40708454020
00772561079
75099187072
26734397815
92416110063
85680044820
83023038953
71812474849
09614646829
12853638170
12793367818
55154450825
01795103981
19917238816
36195174874
79270840700
01666403873
02505788839
77432436053
06455943856
27355269844
09853900858
09978646809
65455533991
46560904920
70037680978
02409764959
14006941838
84257245891
55410049934
29418226820
07187043805
09878649806
27922379889
03067354826
14240946824
01994608927
15493321807
30967607809
04207342877
29044432826
62462512934
87825236815
07771264948
26577164827
19103795810
04421159972
26398604881
22911699807
14497678857
09624555800
54907039972
92994741920
34645831801
29101333895
24935139838
67488463900
28305964809
38418139846
17439722884
59908696904
65681762904
24748119829
07339661875
01844469964
18735078871
13919926870
34630809821
07189361839
67805574049
01864631031
01434087980
12019075865
28453485844
32411577842
10060644869
53998030972
04389932926
83083332904
10538317817
12546969897
89146239049
15625169810
29325878895
14915601854
10521405807
05560237906
16666139836
21950215865
11602863881
55998631072
31515884848
07544159884
07170407809
44579829891
15248241863
13351710100
66020646068
25042772880
03505835951
04562656948
10716927802
07295592890
28264797091
31100456805
70284903191
14051128830
65943007849
01676175911
25446572866
65146557934
06783592880
21841220841
00718159888
19381602824
29440942894
21417457805
31599627841
19951710000
01010646087
29017965835
26052230860
99345692991
00070396892
14978638801
20453893830
81682085953
15786227863
90116887087
29431506815
25427391886
26906391810
26949952848
33156541826
68017413068
30492237824
27566653806
07809585940
35082372068
16977801808
36683501831
27522349885
03113059976
14234479802
76749908004
18710802827
31323156801
62597256049
27922598840
11422626857
79678416972
25331542883
66116686834
85922943987
20397925204
26323007894
10590867865
34518987802
34519008824
70130329991
44465009020
80489818072
52405184915
32280221888
05263187831
57986649020
03769400933
06559796892
31181105897
04709203865
18445827871
22737074878
26298749829
12258473896
28959577898
94167249200
25783400807
24898246869
26471432852
07025351091
23240199904
02363547870
22792711841
66235960034
90262670020
27891905851
77081455034
60921021968
20317428845
16045140869
59529148100
76465713004
29662429816
81377851834
29396184888
61613851987
28772878827
82845409915
47487224015
61194611915
16615685809
07218093833
09985413890
30788012843
10876495870
15850050884
18968687897
88262081072
68712448087
05910403958
00591403994
07252985709
02847004874
30838193900
09549635805
74599330906
07245989877
68794789991
68252129900
76031152991
03435052821
00110643070
25179675987
32162939800
11471693813
34900101915
14241712886
28579833876
03539953809
67890644868
28797041890
05175001833
64685993004
72616890925
01578898900
30095866809
26555462884
27015927802
06048620837
99394430059
19709757091
01049912403
19235842867
21287448810
96112140063
09607379870
02657458882
04666833676
10279347812
69144494068
11078496838
02637406925
26590117888
21907089829
44339879053
54633583891
61595179020
06311853809
28370030858
47919736820
10161070809
27162509878
07771264948
18769681848
01195298900
58611851900
13772687806
38344076900
04206494843
91935296949
20921608004
02754181970
28869764826
08791805015
03303432970
17599238859
09956141801
44553420953
22170990860
57660980904
17145661888
10082827826
51488051020
25739101808
19551961846
41950658953
74229818904
04421159972
33549252803
10812000811
10994191820
17118145807
11520295847
18149516875
01204372012
56697872853
00387937927
93014252034
12510192850
04615205910
89593820000
99569051000
04988893863
04487501989
03920499883
64032655049
15953462875
15603073829
63388871949
66274303715
25380879888
09459262864
46248021872
80817424091
09583405876
01274100070
55896200749
03722318963
48095311049
29901317878
07803573886
15725429857
48951390934
02660403813
28736162884
67903924915
07152571708
00946051062
25092908866
28255464883
96668296904
13955503879
15139524805
26404149842
11267934859
11861558848
10168131803
25023189805
10112578829
14139098848
71414703015
27775430893
22265581879
06181092854
05306567959
07195472884
42459656904
75888947920
02581139870
26803776808
15667386879
89142462991
13705565869
04421159972
04421159972
18662077846
21426230850
09104963741
14427979831
28816594896
06760973836
13604276861
13164086806
12701352878
08674458823
04907363869
02961251800
31749776812
19202889880
41042336091
99345250972
00229614027
27315065806
13289312852
00850013925
04156848892
73621676872
24671525020
26152154855
29590968864
09859315825
73230618904
98729284953
01721071997
18273007871
33369543800
24671522861
96948954480
21552968863
03346369900
64126129049
08381462878
87605767820
95610987920
84118008904
26715075859
15228733841
52834433968
10657528811
24651747892
12686574844
16370168831
10164767878
09081988840
83924361053
13758892813
59619899091
25652490802
12568877812
31080091840
00573164908
49995677920
04421159972
00186135009
10480248818
05071014807
25177328848
77967348915
13651711838
01754928919
08007709940
12106904894
11277574820
01435441010
18923879991
76713474004
68299893020
05090654816
27642510845
96612584904
26378111880
10290101883
30273377850
02316782906
13448953873
18346304870
10537062866
21670945820
41467779849
24640381808
36687863991
80988130025
99400855915
12837314870
99115190072
26307737875
04084811882
42177085802
35715624886
21728945836
57552819049
28321240895
04421159972
22227346817
16718951854
01989338860
21622587812
03341233997
22293072827
26590470812
89458192900
35280792829
18672154894
10382878809
06582827863
65231945072
04492429867
13835344897
87091542800
47689951015
06971439880
34072171883
96352914934
29905684840
17057771800
11252452802
90190033991
64745562934
79238556920
10286874865
37508296915
31633226972
05430738824
00838564801
39997200004
02374779980
32985576172
11286836875
02521900095
32074336004
22908481820
36702485875
25448143814
25894673895
45163634020
18057740850
27819206810
27445549870
14842023848
79324070525
28771767894
26484875812
75098490049
13968870832
11548478881
40365476072
16102301838
29037823858
10210432810
19097374880
74389408968
11866499840
21374577847
68827091068
26111876813
00424261030
30736653821
04232961836
83933573815
27979611888
18555856850
71179747020
00942083873
92079466968
52515290078
08186724800
15233608871
94083428015
25778268858
06723636821
98402625053
97813788915
29297435068
03182764969
47468750068
57478961053
27892112804
19920292885
89104099915
29244945835
21990798802
04421159972
65265408134
00600519147
30626164826
30372263828
04014640833
00613437810
76251969920
28736209864
18348756841
22721411888
20058230823
20280687877
18413529859
31882488814
69160090049
31543125875
33310075877
27016192890
09040795894
61479080063
80343201887
09953024804
27028287874
09895228813
37715097004
80798829915
02007698986
00191926060
29324242890
58097384949
91861578091
30510058949
11089757719
11800172850
67697313049
15818103854
16978774863
27663101855
18771225803
00154403032
16504048835
83697799053
09950941873
16906528882
30470140860
28980753888
26151216857
70289565049
03447306971
97276510034
27893029870
45276307091
15811648820
24482510025
22076488855
13853823840
13853494846
07638330889
19733440841
01139275844
20065380800
60111887968
05843056805
40714500020
10229856802
28058229865
03736333862
13750034885
25494706800
01390923746
10836590732
22028481854
66855403972
16165025846
01866651803
67548610963
27938574830
78179483991
11007596899
29889931818
09989089833
12049802765
63455404987
01988543908
82141509904
40149137915
27183560813
01170851118
07860798867
12378077866
27810051857
14581609801
97087076604
17743570894
26164373840
88968618968
28692270865
29634069835
31061448827
25984228807
59583797120
86917820997
32397836068
03095367821
24957487839
30225787849
94557349820
28412054873
30891696814
99262347049
20085216801
09409644810
30681114800
15701016803
26940188827
02068884062
15264373841
04421159972
68516797953
01386407852
40437515087
11706330804
05540569849
18854718823
13127324820
08265320809
28605104864
58367900006
00362149062
32222417830
91549442953
16175146832
07002708767
92709338068
07479958854
02947886976
01670161803
13159987850
18910649836
77533534891
07496832871
17153225846
02183356952
15460086833
13945758823
28889128801
10464795800
20391807889
19810630808
21432220845
07669604808
12525268814
21690396865
03682266976
72444118049
13718640805
17362996896
04394323916
10208814884
29709389874
17927659839
05690034827
11297791819
99137798049
06094266803
25266196882
07430997880
23106135840
04628780900
56501021049
01494914093
10946769850
15496517818
04892027804
24117870068
92578900906
12714425828
80795951000
28965843820
14851988877
36164226805
33141273839
08216457731
09499476873
24213918068
28638594801
04720142850
03976589900
24110280915
04421159972
66129680872
07861300838
05426635897
01112902872
22407138015
25724366800
08591000811
10262641895
82231923068
97812919072
22286659834
21304380831
36843764851
58938168034
21712878883
35584245810
40230210082
54067847068
24986764810
13823686828
39024105072
00154382019
01469817829
33116504920
02929279087
00457126973
02482953901
08730799813
59509503053
27979196880
18571222835
08152972894
29441607886
04164216875
40399058818
43680712804
42533473049
17158117804
22136897845
11506414877
29253535920
27597352816
16965299053
04531900812
26935307848
19887657816
25808798892
46669787987
60000619949
17348984886
13337987842
25938919800
28698872808
19491005880
69872198004
02709636859
30905829883
28611118871
56299834153
38111519915
07408632824
93671741953
17162294804
33548659896
02369497807
14222144860
63870657987
19127337812
05788114802
92279759500
55896200749
05635467946
72935200187
59201711034
23192802863
15144218873
29054324899
28625848869
21463010826
09347308811
69133220972
15783487813
33474377809
21400535832
31026128811
15714628802
89626885904
64428150059
02726885845
33988037842
99087294034
47061316934
02439460907
06953487879
59522275972
21837478899
58827200606
61328642534
25767947856
70353247804
02007914948
01540054870
30126113807
33050750820
89804694972
98828649968
05452265899
38290949812
71064230091
11422332861
11340146860
07840282814
18245520845
21687891850
61422355004
02363141814
27315232800
34061192809
26755658812
13947283873
69344523800
26823620870
19199193841
10459627830
25337717839
29846265832
27244556810
15878815869
55673651872
18865811854
28071983845
45543500025
26359060841
02896073965
72147210072
28245889857
76189856853
08537632830
17820828838
01379675006
02474142045
91595126015
25579318880
37649255824
06279088880
12196130885
25767945802
21908311800
07642037899
36973572987
46088784920
12668379814
19226586853
79027903034
52485129800
03170504860
03598396813
28698981852
39494659015
31205097015
18102339845
26359304813
07134589846
61990906168
02210102979
11431786888
17388826831
15220803840
26176786878
17897593827
31889832049
07525662886
18178158817
83689974968
30759877866
98732463049
06400925864
12003159878
49460269087
26616732886
95748440059
21805639811
32078103810
81287216900
20560451920
11207685860
25664170832
00534547907
01876610905
78836832091
75596261653
17885499880
15010862867
82135932000
83067590791
91483425053
36270889804
06798143881
09966399852
32182526870
09271780957
10017251826
74852388920
89953509891
12678246892
56316704968
26714956843
25243321877
26501261830
89134800697
72393440968
12368870857
02353086764
13246071810
14331899845
32945542811
15088338856
07854809860
71152156934
01165727013
01755436904
13249044881
25447403880
06754440805
25783728888
12275860860
06178217803
26975996814
27927791877
31317010809
01638390932
62566270082
20327608862
14430092885
05170392907
93879458049
26755490881
12709102803
11889546879
28772618833
17156707876
27619482890
17401951835
80527493953
31147646813
03220793908
01707541973
61306614015
76666719034
03594188990
40773590072
19059206878
18659873874
06140182697
27141147845
32255420678
19605863863
15770485809
27243724841
00719881900
10752257870
23965827049
39171086072
00225083841
16904497807
41476052816
01337518808
07563483748
33363802862
10958453810
12571540874
08807581809
25023720896
28255971807
48822701615
06892437826
92698409053
02160193038
32298876894
76550672015
62019350963
08492199814
40178374091
22442075873
24932910851
66331595015
36970217884
96732237853
62139843053
93590806834
02886837814
31036075800
56390882068
96775637004
25753805884
29945029843
88128709968
26398654803
27294083800
05760482831
00296659819
21327385805
07349497822
07605613890
95558055049
02593819855
36787135807
11278084860
29313434806
27131032824
13817681801
25306830854
07731209806
38400800885
17095059829
29351381803
28255702814
18148526893
11741790824
05853008870
27268907842
32345358840
34680364858
16704034838
64282074949
14196987885
90262395991
29529444826
00417806124
26454143899
13438049813
21888466804
28139484890
29456379876
29456379876
17611163809
15932069848
40464687004
36862882813
98168134087
69459789072
09360097802
56679866987
22259085830
94081336091
14772194800
75563630900
80725660910
29351450899
06187482883
29456522857
21350686832
01256171867
38114617888
47766107953
16455091841
27279903835
03080078837
04721289812
28676882991
25305482852
22484557809
74721380020
08482887858
05345275823
14066956882
95897437068
23599308934
26855864821
29479226898
28441421846
37884211858
21973686805
37834644807
93457243034
34020771839
15124888873
06196883860
04559412898
88674363091
71638008000
13097116826
02618315936
04168944964
16494168817
14816139877
15570915877
59142782015
49522167053
00723547807
94789649920
28744432801
00548980993
10703018841
02637870877
14756121845
25714280806
17463282821
00494922842
49913174015
16593892831
30557215862
27787958049
15927977847
58142266849
87482762949
01482313901
90034295100
96205229153
16454495809
80897223934
56384300087
58845534049
73538779953
02384735977
71913173020
22095618840
09939753802
09263997802
02711561984
32375354869
14262634817
33973229953
57423032034
55855237834
28042723890
52539024068
37151797087
01170892817
07319678799
00134931165
12356558810
24783426856
04491209880
95171401934
24722587809
29893502845
07179416800
05261989825
21756770875
95401997949
29017339802
13895432857
14759532838
32753229821
15295882861
65107284949
08989275873
34887600810
01590357914
14585409874
17546250889
74620690163
84916486153
01795561939
21335578811
28420747858
13968634861
07485460811
31688923861
35178747879
62391569068
15781326812
60772972087
69573980134
16589404828
68881380110
02867477905
03974735402
99235986672
22556438800
21850009856
02961771803
24854035897
35244534904
56586450004
24934148884
00833534963
12374637859
04948759848
01569551995
01922650838
00808917994
10267938829
80278620000
47231726534
76708535068
80706223187
97834246020
07946564805
09474317801
94733147953
93664940059
31142259854
54116317004
73804444091
07803279856
81843984091
13345216892
71060391015
55931480072
11412487862
08322879970
02805056809
11521057877
05298530869
01278354824
21453109838
92348750015
31235082857
63038870072
46121838000
27630457820
98117440091
21557778760
13372911881
24776861860
13046756020
99588188091
14466936862
07328270861
02414281065
06563484964
00244240809
88705960606
15932672820
22463225882
16691542894
26167568898
51778190944
57629498004
87961172904
02786041880
35418346091
93005920097
22270706846
16063063838
22162662809
00186548001
33497245828
79324070525
31742399827
78536154004
11774783827
16365897820
14477110847
02510859960
05673898800
70014639904
14444779861
18857727858
34697714806
74858572234
43304087087
21942125828
32544546859
85357618968
04998307924
07139835829
01618936867
33996380860
12292480808
00729810917
55765840906
85721611987
43626904091
60257296034
97666793049
14296180860
86592513187
32744790044
10933529813
10592631818
10939625857
29883917856
41447468015
08155219950
26714430809
69192324991
89270339904
74121065034
03572610974
04649174848
03581917939
08336080880
36879975968
09407755819
22379096015
31381812015
13871124818
04960377810
65178335953
02579272801
06778853859
25447160880
00433386908
09599034880
07186443877
30595437800
32118956800
33966637804
55354904900
26404154846
18444441805
43540872000
00191206059
22333792256
00746001843
28910299843
43116396868
21677164867
24814000898
22342063830
05667938812
74216856004
14261914808
15318845800
44801084834
26167815810
21967635862
69134995072
92614183091
19203237836
15966179859
09685655812
21922710857
32779185805
27495172819
78953693853
28072106864
22469339863
71114491853
28832324822
18599487825
08601553826
98824287034
26404089840
06276181897
01441265082
00740139800
12912574897
29099609949
16255538893
30903639840
13341777830
07140347034
24205222068
24898697879
26567842806
55503390130
33573705812
14983424857
02486606912
21557745838
37104038809
08036116847
38908877835
12175736822
76285464804
17272862866
79589103120
37278540810
43757677900
14417266832
51574420925
51237466920
23223361812
01835983855
04498640810
31321783817
00483293989
15894448840
91953219004
12117333869
87572591868
68588534991
27647172883
78862680910
36249923845
65697103972
34945838895
38299186072
67575927034
63150573068
05358423842
27489048850
28412336852
13130173889
27244696825
63827042887
15182284888
38595671877
26803271870
19749736893
21477115862
27534036860
92900224853
17520735842
17258176837
01725859963
60094133034
35586570807
89771346091
12192565879
29230718831
97954918904
68851600910
26117882866
69369224904
13836637855
68607121987
32036527817
39200458823
72678534391
00796137803
07453331846
21497179807
21930498829
09172019816
92115381068
25381801807
22063707863
33935182830
26471648863
41416953949
91713781972
11704379822
22244784886
63445549087
17065497844
43705863053
54396182015
14550727888
26704490850
07981314895
01364816806
57655839034
04794538960
49070045915
74638823815
06906833677
72137720663
15548954806
21383190836
56332491000
18590783898
04430401926
32813302821
81022620797
12115586816
10124312829
57717150000
06032674835
31921162856
36876297837
91141303000
30534712053
37008724888
17908641865
00550349936
49280880934
82625883987
14428073852
53103467087
02023398827
66089328049
74690450072
11094948829
53932188004
12484221800
14652879814
96369256900
51062275853
26131656851
11630128821
17775178850
01522822038
11996777874
69042349034
12151466809
06907795930
24899307888
66057930053
28126595809
51149265000
60350563004
12324325802
21264471890
23185299817
06273022895
62436783187
04668208876
27074071862
02496464800
30545553806
22417456850
08036562898
26792606863
04178283812
49396218049
21938873220
20033745072
30947322833
36441963892
11011243857
25416002832
05078803823
29101426800
00371668832
10330675800
17862739850
13889271871
53666232000
17237152807
14822506835
25682707800
06897619965
18236044807
31153925087
90227700953
98149830049
15081339806
14783210837
33625326833
53693760934
36790480846
15441084863
29133798850
00497994950
17389586800
29721853828
11992842892
54936560863
03276129752
34897706840
02884655808
34947546832
27665674020
33579971859
18425409802
36417939987
72333405872
28434750821
48107034953
19257470857
12090119802
56822332049
13004020831
31765863880
34776250802
00195377001
09573107813
26893808895
11744823898
03328604936
08895209842
46772570006
40046428844
33854842864
27883983873
29591013833
28343201876
10862954800
33650613808
26823874899
22228377821
17560400876
16957839800
29859970890
10783201877
02970017954
19038903812
41025171896
28343694880
29003578885
27228327802
82297363087
13823674811
17297057827
27488969049
16963184836
33748440812
31254578234
29728464860
87218879934
26863461838
27592469812
09235172861
06556009814
00507197933
14451437806
95557555072
25989845871
05646266866
13596057892
31352091801
35131138892
15509483857
07756692969
28763719878
13631215886
09892403800
01061963080
29905909869
15929902828
21948177862
47578947915
99783800000
04076408942
12787729878
60370750004
27653276881
90781724600
29065007806
08352315773
15064560818
15199021826
41685075053
01313563560
37033267860
00463217993
97160156900
71756973091
90898680034
09808222897
22693622840
32605794865
15184822879
26770186837
36958504852
21888115858
03089959887
76400824804
02882083823
03710675960
99992329815
66033837053
89244737000
00422379980
14548401881
02190808952
15306893848
29504583865
22632935822
27592372819
33436868833
03655143907
25092508841
06346874845
93207859020
15973954803
01277213631
13231930812
39971538504
89858913087
36131929858
00914952021
91272580920
03756838528
36278882868
11542930847
59195118004
50018310087
32940577846
71954341091
29479329867
93087187968
32811830855
37410854804
05792106932
11482209845
30839698801
31267984899
15902409870
29701224809
26074170827
29325318830
39590352847
02792754800
21923029835
16375865824
02396926080
68550545953
75082535072
28727888835
21666117889
47425795264
29211914825
02389076602
18714011867
03089075903
08347006890
55132049915
17222264809
22718674873
00615789080
27760620870
18331622855
89632567900
04689777837
02079930923
97033901968
09184276819
11443351830
31015024890
13359446801
01361515821
19338014843
48152897515
14759258833
28126973854
01610722914
25584905836
24934975896
30274581833
22448014892
12789428824
57298181068
01300570709
21527356841
32664397249
79936326920
00773494073
34657159852
22308460865
22694579000
32038534500
59988240678
25122751838
14572457875
25305488893
07105718870
22434415865
33016858894
21825923850
15127308827
01041823002
78010594768
05367477844
98503880059
00372050999
06753287990
07204014960
14147839819
03976920053
84032758972
32377459870
37636813882
74713744034
00316622001
12623007896
78068509020
17599451889
28507375855
00563638850
30443999805
20266394850
17316001860
22690449838
01794749950
03770461916
26824798800
16764416893
14871784843
01906820007
01137707070
33720196879
15614337806
11512965898
17271873856
33887431855
30550154876
22015625801
44380940896
38435396851
05938370965
23011817820
10275839893
90322398053
37475588874
22862525804
08661071852
31298512832
03124129911
00906974992
06551240801
00249988933
39405787896
09856554888
31477315888
15523271837
10510301886
33469385068
26737409881
39058661881
00503370843
53775872000
00374088012
14593568889
99944227072
21436520894
13718570831
11143266820
02159476900
14551431893
55570100849
34963627825
14594073859
32530933871
33617646883
01329701712
06391505608
17569784847
01615703640
08133621640
07873305740
51705966691
21374492850
19526778820
36318453830
74767151600
04516750619
28715657833
34243546860
40210629800
31660509220
03708045629
35800992053
43466230691
27333305864
07166217707
07323553709
08534199736
08653024727
09536763745
00179656759
05590252709
09228671785
11202583750
01867789701
01812712731
17489381851
12497628807
21455649856
07202443740
09888816756
29063694890
29510747866
00360375758
11289539782
01390923746
07522526744
13752076798
31527417824
52778487700
06599309860
27028202801
31293699888
64622223791
26519021873
14845326000
30931061091
24582524869
08993202796
41455649600
89294548600
07436199781
46741380191
01723697893
14825328830
22610752865
00489290779
84355565734
13850681831
25194392893
03240494809
10016168801
31841902500
54851165749
23034466862
23034466862
74888099715
87850702549
27015209837
15294162806
00417806124
11475634897
07283770801
22290099821
28692300870
31474376800
36721485800
42810248834
22576177034
40232174849
27227736865
05698238898
12910762807
05042073850
58015604834
27712158886
26694897880
30720817862
14527778889
06083185823
14535574820
93945625165
49741292872
34893031805
02226455809
26290607804
29676025828
70497036800
03385297800
63538571872
70039160882
19498443823
29017162880
13889197884
07186381820
14106126869
10670052850
28342733831
00954218906
10147552800
10484176897
21277416842
22574597842
09494531884
06780598887
14009402814
06113138801
31029459886
13995437842
33410216049
14508514871
03714496858
27268614829
00762961805
11132941830
71917365853
06940604880
26791391863
07676750881
10758476809
10019694806
21256509833
31319122868
30824575849
31746727837
21386348848
04341794850
70601453891
15846077854
13913953876
25939707823
05647487815
26085502826
01368139094
03397264820
24932691874
25768257888
21443037893
25106858801
08213135849
03745604806
09750083822
15875699817
28121074800
47651423453
14851574800
06098545855
01247328872
28949458845
80553354000
68881738872
10923843833
37525543801
36284162804
20280836899
35481480930
29271372859
74995898891
11794845844
06268116860
21594931801
27244267894
17706944808
13112464877
28178860899
33743070944
09842617882
27333104885
06753468862
25337531816
01928121810
30797143858
11328615863
71167838815
30444044876
00318873842
27008716850
17105244801
15707827846
32992966800
96948954480
30487834828
09978422889
13691428894
21733203869
14595955804
04219235809
22114899829
27979879856
60757230806
30545106893
10921065884
06969149803
27798256857
38816903953
19988639805
12735900827
34033561838
10299515869
08206793801
20263442802
00726298867
04342994801
04767775850
08682338890
29456532810
24009601868
08990071801
69037329853
24693409855
03545225828
32017356808
25330227801
34912739863
09806260805
35207227807
13298933872
37543176874
89862660830
17136625823
11511220848
14033567852
53589831804
91905621868
02217366890
04307328809
00082521816
29245890880
27315175814
29740070825
17667778809
31825965862
41739599829
85715077834
00060303867
24712610867
30563599880
31640748830
76563600859
02459970838
27544867803
03873858860
24828621830
10407638806
19100610852
33149506832
59409746868
63503050868
15481952866
33845798874
55296157834
21628143827
08608996839
10898845831
00053924894
17109148823
13612442830
00364790717
09543298807
87994801820
21390132803
13364804834
55896200749
39412555849
13802098897
06842647819
14680078820
32820565832
15193206808
97499102068
25801804862
12190391873
16282709857
65587260844
21454987880
21497526892
22124120883
02752013841
14936792870
06354677808
63298163872
03126528872
16241549804
04421159972
31039586848
25561987887
49469967887
53452690849
22164616871
02768246875
31654437859
00828948844
38380976886
35855847802
27228436849
03588926860
34499582830
11026713803
04079915810
14329683865
12608142893
31012576892
12092093819
32501196872
27597449810
18451697860
11937953890
01661219837
72266007815
11073489868
18081073817
16645027850
15639098805
27926962813
40209120843
60567767868
02684078866
02863411667
04442704856
28771077871
04421159972
28991390889
17059687831
12936018889
20276101898
18446368870
17625560813
27411862860
85817210878
05323678801
13520713802
13854113846
13726752803
03053771837
03234626855
74884018915
15174422819
11161798811
37543473810
55909361872
21996576801
66888115372
67397700853
06104653847
04084080810
04616062838
92808867891
03864158893
92548156834
03905391805
03355598836
11081958812
00677785852
36112965895
11684640806
26231539814
05216715827
24549039892
28763897890
12709750805
20160368855
04403676898
08075144899
28797179817
17300105807
90342496891
22824472804
27367889826
04421159972
09016545824
17600038838
29728429878
06608253842
39230279820
11059334828
22733377876
38307997801
82415404853
15118329833
17269601887
02957644819
12081392828
39719610883
13159644812
19212988806
10358747848
33550920881
37080869889
04373900809
10754816869
12312279827
69589858260
35736180812
05910035622
02829373820
00457056827
15113033871
29134573801
27711060866
33217800893
17196699882
06363860822
25547866822
00417806124
10757862829
05562966808
04021571841
28735981822
09182533814
22813237817
01868503879
08607782827
14743773865
62422359868
01776710843
83427236820
25632862801
18177851845
08842835854
15314993848
01774575892
22265625833
31121739881
89387031853
07256668899
04950053809
05530099823
28153389807
07442069878
30273997807
61938548868
07253436806
44435932172
01299646891
24654261842
26293636864
06001985880
04421159972
28255176829
18561732830
55896200749
71522026800
06894860815
98047728849
12592283803
30519858808
89376765834
29691013860
07870563838
12344537899
11524940828
06730928875
27713641823
96369566853
03206066948
18522326843
05021196839
32518803815
22370972831
34781084893
26404248824
16076852801
03795478804
06164852803
13703734817
94903808815
31171287860
66651581872
04421159972
05744869840
13185357434
00503078867
33035384843
03445815860
09619980832
13109096870
01515835871
15744814876
21503404889
28482509845
28493734861
10424632802
20085065846
08960964832
28493694894
11555587828
28250904842
19255442813
35241996826
49344579849
35047208087
02501259866
84344075820
22056278804
35798809854
00417806124
24884027884
24884058844
01779546807
55896200749
39281990806
39815102834
01064903894
16929568848
29439198885
14486672836
10302081828
06341494823
13043147820
28977779820
22508901881
56396791820
52307093834
94147710859
02380131899
15359846860
09233411885
28825125895
27875319897
08354105873
92074316887
43177603804
04183262828
97415723872
70385408820
10259936839
04421159972
34833995859
00262358891
06371799860
17373145841
18455953861
15477912847
59789247834
12706869844
51329280806
02634150822
15392434860
28170025800
77731786820
33464396827
03380552666
15049219841
09753045859
05284487818
09559074890
04610435802
29480439808
13558583809
83059105804
01739322827
02265086843
40475999800
15970319848
25851411872
02782601873
08480283840
22935711734
06759500822
04977592840
94822905853
08597301821
27823367890
33391678852
82156107815
08681229800
22126439852
04843562831
32943588814
38401738849
01034242881
93199210830
07266240808
14844197827
29676342807
20051836874
14706416825
02903516693
28233258830
11142122883
29530438885
11422887812
13579289802
16204467824
28825484860
21812187815
09329133851
18348214879
33516225890
03765031810
30409688827
09330791840
09324888897
08221842818
26857426899
91689066849
03110494868
31040170854
06410976895
04116758850
26135301896
15583811803
16141104843
96301562887
86864750868
25426864837
00273006843
16640777827
18009724823
12302303865
02447004869
15216415874
29778373884
29149641883
27012087854
42881463800
16344975890
20506894894
05240829870
25893941870
10529568829
17989702878
29258557840
05077228841
28723291885
34432907878
21923574868
70786186887
14317061830
30639738826
08383602898
69126895820
76285049815
13714828885
22414212861
24598161892
10552503878
00205684874
71942769849
13540086854
30432530860
57123241991
14039433890
21585620807
37185397804
16314678838
26378657840
59524669820
99040913820
44406177868
07406895844
28162004858
95441590882
11331937817
31919597859
26750681875
22196806811
26976628800
34245955864
15181507808
01256296805
00623341824
24672961800
35713579816
29365176808
54123925804
07652062187
24591213854
00417806124
04070959858
35266846852
28305524825
73641057868
04731194806
08463030866
26755225894
11373743816
75984547872
17626051807
89863305804
09141900910
27648881802
06970656853
78579279887
12070689859
34388441848
18916693896
30698892801
00304709867
34114995838
32184132810
12160985813
15315921808
17571667852
19072225880
75693593800
30721617808
32088438874
35218893862
19062823823
52387470800
11336675896
31225402824
12636787852
13603627890
26577475822
17010515832
14922905804
13270272839
07638383818
34318972828
00177334800
28940411870
53038312800
36305871868
06841379845
18162880801
24736997800
03856433813
25638741810
27760962835
24967525806
36915581863
00727372807
10486158802
15103750821
08576006804
25739267889
35369846812
10314545867
14066284841
09530374879
09241814861
78153085700
35670236599
26685446889
26685446889
18191162806
26685446889
27314747857
29227997865
06890724658
04812303869
06278930820
15523062839
09691161877
34835941837
37925794801
05583844710
38179151875
00902368400
08298312821
08496367606
30523965877
11492143847
12514405840
22986711847
06384134861
28254840830
30520035852
13403169863
22210608813
27206266860
40079350844
28555323886
33645811850
11115227823
04743377820
12077023821
11269012886
15954597820
27483013826
08878033855
15438323852
02919648853
12915380899
17729043840
30081411880
14052076800
60596759053
16172492896
53473221872
34518032837
26555488840
25724366800
27997293809
28315414844
12566982880
04932427832
22619942810
25753570801
00188840834
28692084808
24594355846
77060393820
06805047889
08632963600
12928609873
34372276885
90229029868
09416903850
01225286891
21596698810
02823276815
48116025368
18270146870
77149467415
77149467415
29054409886
01117753883
65643755815
10765541807
21940847893
31278869859
41465612807
14723687890
10918381860
33694688838
28350036818
19446882850
06487806862
15784352857
63773740891
02178528821
78735335815
14113523860
06145107839
04095615842
26390751877
19438269860
14923326824
14958183817
31833584848
79742858853
14206490864
01076368832
26590717800
27573782870
42142334091
92794378600
55992404872
25739512867
18433980874
11606730800
29453320862
27681662863
41773521870
01209721821
78214122600
06603429870
00796176892
01389850811
03934609910
95297650887
27636160978
03073317848
05645983807
96028394815
16775697864
00221838848
01618752898
09497508832
32233632893
14665096864
15637172803
14853061835
94959536853
00861215885
00903323850
16986405871
32884611886
22629866815
32071454855
13296607811
73087777820
86604287815
98246496891
56372531887
13779368803
55896200749
61125873604
81141246600
11016536801
75868270878
00430192851
06577037884
00469544813
11442361859
06725593828
72118717849
15754743874
22704149852
31994208856
06322518836
30627725813
28869475808
09702142865
10309775850
25095757834
04547043809
02024368883
83517316849
07053562808
14903856810
10135830869
04641215820
08423503810
15347650850
26379038809
18812397808
21681732815
22240969504
38270029823
32636782800
28733360219
89020340891
06467841883
24933922802
10673929809
34329472830
18375494860
26336256812
53313038620
12176254880
16600531886
20257078860
13931791858
17166230819
03039605828
26668384803
22226805818
29285936830
05370529841
11620388880
12273746822
02455858855
99182602891
01603767851
22615004832
13036490809
79899307815
11920516883
15611828850
14777225801
15104241807
76622908834
21423076800
00657726877
12763483801
05104900851
08448119800
10240045890
03124196945
19652650811
28233602809
00417806124
20948433949
64841600825
18120168836
86555987804
87420341834
04034130873
12163028801
08335106819
27545384881
16884379839
18711629800
87967685849
30391534807
06211933800
02911189841
32030075841
08949461889
86632515800
03314011857
09945544861
08524713860
05230439882
99703963820
15242634863
16580649844
09555106860
04161519818
16739456860
11845786807
00325805172
07785387885
08307316871
19263273812
22921728877
11124740805
13550109857
62330586868
32373046890
15643118807
07976701819
27711259867
05517934811
05431381865
07439629825
28625656870
01431598879
02445338816
07309756819
02903415820
22028598883
07382876870
32824743859
37540366885
15363355841
02231718839
17488724860
34907336810
17763449870
10693821833
00565513800
11529438802
10308839803
11948417839
02283245800
03788105887
08360813825
06629196619
09849269685
37705032015
22954317000
32736100000
40014290987
22710755807
06712783801
35727818842
27922196881
70198241887
32830637534
53537920849
00218204817
09890577801
12676568833
16273641889
28639172854
22857735871
03798357544
03921225612
11889807850
26824320854
13139748892
14400450899
32991256800
68777280849
41400500800
55896200749
73585017800
41781171815
00250370808
18462168856
84714736078
18328262878
36897821802
21461209838
13826881800
12279538873
11023536803
79473571887
31408752824
62392115834
16774775802
08868940850
01621271897
25206356816
41257480987
03396108833
06416183870
16850296809
07812148823
08320872898
20883030810
25262968899
05483942884
07711684894
20011601868
09086265847
18400487869
12847245812
00460434896
42676380044
59929880925
23996480806
09481915972
40682714020
96316160968
51584336900
56155115087
49188631087
66790247068
28035771000
96519789615
31253001855
02836982845
17639110807
27108773848
39715009867
16699441825
28256403870
09001716857
12172182893
21480297895
06336606805
09806878884
22937488803
08324884882
47549637172
28698899846
08931092822
13685077864
38181088891
98863916934
06753287990
29549405818
23511540020
60883731053
00014934930
63522136004
49439154004
45831530078
34551344087
49728881800
49141031091
16810244972
31841104949
04421159972
12631509854
03719818837
23384298934
16786154808
49988395604
21244967866
02136298879
85360309849
13660956856
30294739882
04702899880
29325792826
18772345837
33250826880
61191019853
94499608872
40867266880
16983268822
34043154801
38497288890
94879575020
15892194817
15838037857
02587142806
08921732896
38074298833
35437679840
29104726553
07691497822
28681438816
34072444871
44176783087
41503074072
00611798921
55760287915
85878391953
21903662915
81559348968
61203998953
18355862953
05102609939
33105189904
86548824920
02651203904
79435688934
46895310720
02548672948
02582763985
59663553987
87459833991
02927260907
01463021925
01783131900
18379850904
09732020920
85047910920
85943550925
96016388904
18397611991
03077928973
02875264966
22333792256
03271912955
30053510925
97795917968
68011180991
78965403987
24782351968
76071855934
80796508968
54699169015
32928920900
08651482957
58615741972
83648640925
90820142549
06041132934
64783596972
69050732887
76888282287
36368784920
70717974987
03343527971
01743265999
90739370944
75809753868
21647275920
08235147904
00578579979
37936077987
04257812915
52425061991
54500931953
85123021949
02028719915
00876724993
61834769949
58317368904
54289408915
28051750934
07360410959
00854329978
19628773968
31132502934
00225517949
41988663920
87088991934
03999396954
99647591004
43296041915
71479341991
66282435838
19632410963
04783537909
96461357904
15795535915
09315608968
79218199900
70451354915
21522103953
69615586900
51981572953
02202703926
55230237953
88543846749
29619602900
00417806124
03895735906
01932095942
84219408991
05997916910
03207711995
61430110953
43247741020
62391569068
21091900949
00604708955
04212439964
12953389806
51341727904
04572402965
00352069937
47698853934
00773458948
38686627900
07712886970
02939416966
03638532941
27820513934
05884399910
31238734987
60035846968
02367989958
00367535998
00724575979
00724575979
49342118968
61273953991
21809160944
02014440972
50334867991
37612921987
76051226915
42184436968
75109000930
03691987940
01592318924
00561596921
30986320978
48537578991
97052728915
36056332934
36734497968
27322785720
21149089920
06563484964
00559355912
04500750959
95199101900
54033322949
53577159987
87065789934
27562859949
70857377949
38062143953
04732776973
72375876091
75280655953
60397802900
56952902953
90138414904
54849268900
83781820963
06892905943
62519980915
02595378961
05686232903
42340411904
37934180900
75298015972
69883033915
60603607934
52899349953
65979290982
56429436934
34601104904
05292005975
00685091970
04760897941
76581853968
08199741961
28843088904
90200292900
18176860972
60963506900
31912400987
60695587900
47645644915
20872410900
52396223968
01136345957
42568994991
30700698949
43017720900
31213626072
60411783904
03590990929
39702367972
37469746900
04710882932
68464398972
82088080910
75388111920
58630910968
30682738034
22956895893
00705516008
91707137072
92114008053
02113767015
01106472039
15370895015
88211827034
38112280053
54460727072
02934434087
61261602072
68868863049
16234480004
30733766072
15483100000
61036889068
09330445004
99342596053
19043937053
68339429000
57271534091
31352880059
73068314020
56935790000
39153673034
43042490025
48804622091
35485914004
81790520010
16542851020
05376300072
29906849053
33099278068
72543973087
56778171049
48926515087
19872810044
96257423015
44664885091
12548103072
19097793858
77675606000
55763790049
64616380082
00456129006
91778921000
55819893034
01866700014
93810482072
49748025004
98750682091
92797580044
10703926004
88318907000
14662221072
71649034091
00532255038
02505394032
17673233878
73826960068
00664006000
55180302072
55896200749
16660188053
64431126015
25448161049
70281491020
92113044072
39970353004
00417806124
00427531047
31178588068
24408212091
26750570020
37334166000
51535149000
17317134015
58290109091
00484305018
48485292049
61561983004
41722221020
43061800000
16420462053
01034081004
81978804091
20593368053
11815329068
82987696000
99352508068
25305433053
23578807087
19283563034
00092823009
62800213000
40965333000
21117195015
49799940087
46085327072
28189965034
58378030091
52939219087
21454108053
76429113000
81937881091
33073562087
53495802053
66053803049
00417806124
92612873015
48454672168
71525637053
25109480087
41610954068
31248292049
89770870072
37832204087
37226657015
50167952072
30951070053
26709562034
30112516068
42496047053
07209436987
44078676049
93786719004
43077048000
46363556015
26079747049
83244352987
59725281004
60627239072
93235518053
41466780053
26119110020
82712379004
45788600006
57131856053
00256508070
42919142020
00618630090
74898728049
19357680004
34534075049
50779303091
19009097072
00607609079
45649073015
18077099068
05183819866
44026790010
29026105053
92252532068
23460504072
78504295087
11771399015
94859469020
39829979920
91779529015
33571562020
20018664881
42526477034
31136710000
52791076034
28853512091
25099809049
89318544049
28987098087
00227995082
79855628934
19710003020
25296947886
09981390097
13696432091
99944537004
13327208034
61064653049
34725687049
47387882053
44738072072
68333781004
16197674068
66088925949
20763905020
29586712087
55506763034
73508543072
29370140034
56675690000
60558334091
35253860010
35942061068
76862356020
43315500010
23582766004
18384064091
36537969034
00188533079
34536426000
24852341087
54313937072
16136675072
41161149015
21906122091
00031189083
37167537004
57018863015
21145644015
27980316053
05183793883
58306587049
77288955087
59852321072
20477066020
42968755072
24841382020
75873257000
00285152009
98005243049
99616785087
56939990097
23591846015
30249350025
41429079053
56604718034
20057629897
67367658972
07871198068
54591678920
71826114904
41154649920
55607730930
06939109846
11740256034
29594669934
42192749953
12222960800
05844442814
12095111850
08506811899
17159942809
01445900858
13767027895
13556909863
15998968859
05835588879
13515789871
29291285854
18468538850
01934009873
04986298801
28966126880
16670757808
12297098863
24998366874
11336944897
06087076867
26804232836
00408810084
00408810084
52752429053
66094674049
43246702004
41424484049
37809270044
30087090600
56773668034
24624497015
99835126020
46336796000
68633092034
27386309015
15516751888
50892312904
39307999953
21327321831
25128639991
00508211999
71626220034
31232102865
28071583820
24079197934
32098510004
40268306087
47808918091
